色域分析结果:
==================================================
4通道源色域面积: 0.2048
5通道显示色域面积: 0.0175
色域覆盖率: 8.57%

颜色转换精度分析:
==================================================
颜色			源RGBV			目标RGBCX			色差(ΔE)
----------------------------------------------------------------------------------------------------
颜色1	(1.00, 0.00, 0.00, 0.00)	(1.00, 0.00, 0.00, 0.00, 0.23)	0.3942
颜色2	(0.00, 1.00, 0.00, 0.00)	(0.00, 0.87, 0.00, 0.00, 0.00)	0.2771
颜色3	(0.00, 0.00, 1.00, 0.00)	(0.00, 0.00, 1.00, 1.00, 0.00)	3.5211
颜色4	(0.00, 0.00, 0.00, 1.00)	(0.29, 0.04, 0.52, 0.07, 0.08)	0.0000
颜色5	(0.50, 0.50, 0.00, 0.00)	(0.46, 0.00, 0.00, 0.00, 0.52)	0.0945
颜色6	(0.50, 0.00, 0.50, 0.00)	(0.45, 0.00, 0.68, 0.00, 0.00)	0.1456
颜色7	(0.00, 0.50, 0.50, 0.00)	(0.00, 0.00, 0.65, 0.23, 0.00)	0.2857
颜色8	(0.00, 0.00, 0.50, 0.50)	(0.02, 0.01, 0.94, 0.01, 0.01)	0.0000
颜色9	(0.50, 0.00, 0.00, 0.50)	(0.79, 0.00, 0.26, 0.00, 0.00)	0.0582
颜色10	(0.00, 0.50, 0.00, 0.50)	(0.03, 0.24, 0.23, 0.33, 0.18)	0.0000
颜色11	(0.25, 0.25, 0.25, 0.25)	(0.28, 0.06, 0.46, 0.09, 0.11)	0.0000
颜色12	(0.50, 0.30, 0.10, 0.10)	(0.58, 0.04, 0.18, 0.00, 0.20)	0.0000
颜色13	(0.20, 0.40, 0.20, 0.20)	(0.17, 0.14, 0.36, 0.19, 0.14)	0.0000
颜色14	(0.10, 0.10, 0.40, 0.40)	(0.12, 0.05, 0.75, 0.00, 0.07)	0.0000
颜色15	(0.30, 0.20, 0.30, 0.20)	(0.33, 0.03, 0.51, 0.05, 0.08)	0.0000

统计信息:
==================================================
平均色差(ΔE): 0.3184
最大色差(ΔE): 3.5211
最小色差(ΔE): 0.0000
色差标准差: 0.8650
