颜色转换精度分析:
==================================================
颜色			源RGBV			目标rgb			色差(ΔE)
----------------------------------------------------------------------------------------------------
颜色1	(1.00, 0.00, 0.00)	(0.75, 0.00, 0.00)	0.7592
颜色2	(0.00, 1.00, 0.00)	(0.00, 0.77, 0.00)	0.2407
颜色3	(0.00, 0.00, 1.00)	(0.00, 0.14, 0.58)	6.5366
颜色4	(0.50, 0.50, 0.00)	(0.36, 0.36, 0.00)	0.4482
颜色5	(0.50, 0.00, 0.50)	(0.46, 0.08, 0.46)	0.0000
颜色6	(0.00, 0.50, 0.50)	(0.00, 0.47, 0.33)	2.5252
颜色7	(0.00, 0.00, 0.50)	(0.00, 0.08, 0.33)	2.5153
颜色8	(0.33, 0.33, 0.33)	(0.28, 0.41, 0.30)	0.0000
颜色9	(0.50, 0.30, 0.20)	(0.48, 0.33, 0.18)	0.0000
颜色10	(0.20, 0.40, 0.40)	(0.12, 0.51, 0.37)	0.0000
颜色11	(0.10, 0.10, 0.80)	(0.00, 0.20, 0.52)	4.2918
颜色12	(0.30, 0.20, 0.50)	(0.23, 0.31, 0.46)	0.0000

统计信息:
==================================================
平均色差(ΔE): 1.4431
最大色差(ΔE): 6.5366
最小色差(ΔE): 0.0000
色差标准差: 2.0350
