色域分析结果:
==================================================
4通道源色域面积: 0.0387
5通道显示色域面积: 0.0446
色域覆盖率: 100.00%

颜色转换精度分析:
==================================================
颜色			源RGBV			目标RGBCX			色差(ΔE)
----------------------------------------------------------------------------------------------------
颜色1	(1.00, 0.00, 0.00, 0.00)	(0.99, 0.00, 0.00, 0.00, 0.00)	0.1621
颜色2	(0.00, 1.00, 0.00, 0.00)	(0.00, 0.09, 0.00, 0.00, 0.34)	0.5821
颜色3	(0.00, 0.00, 1.00, 0.00)	(0.00, 0.00, 0.98, 0.00, 0.00)	6.7845
颜色4	(0.00, 0.00, 0.00, 1.00)	(0.00, 0.00, 0.00, 0.31, 0.67)	0.1350
颜色5	(0.50, 0.50, 0.00, 0.00)	(0.78, 0.64, 0.00, 0.00, 0.09)	0.8431
颜色6	(0.50, 0.00, 0.50, 0.00)	(0.60, 0.00, 0.87, 0.00, 0.00)	1.0669
颜色7	(0.00, 0.50, 0.50, 0.00)	(0.07, 0.01, 0.85, 0.02, 0.12)	0.7358
颜色8	(0.00, 0.00, 0.50, 0.50)	(0.02, 0.00, 0.84, 0.12, 0.07)	0.4877
颜色9	(0.50, 0.00, 0.00, 0.50)	(0.68, 0.14, 0.02, 0.05, 0.51)	0.6452
颜色10	(0.00, 0.50, 0.00, 0.50)	(0.00, 0.00, 0.00, 0.09, 0.84)	0.1071
颜色11	(0.25, 0.25, 0.25, 0.25)	(0.43, 0.05, 0.62, 0.06, 0.38)	2.7086
颜色12	(0.50, 0.30, 0.10, 0.10)	(0.80, 0.10, 0.24, 0.01, 0.34)	1.2971
颜色13	(0.20, 0.40, 0.20, 0.20)	(0.37, 0.11, 0.52, 0.09, 0.54)	2.5891
颜色14	(0.10, 0.10, 0.40, 0.40)	(0.15, 0.01, 0.80, 0.09, 0.19)	1.8378
颜色15	(0.30, 0.20, 0.30, 0.20)	(0.49, 0.02, 0.69, 0.03, 0.21)	2.5299

统计信息:
==================================================
平均色差(ΔE): 1.5008
最大色差(ΔE): 6.7845
最小色差(ΔE): 0.1071
色差标准差: 1.6570
