色域分析结果:
==================================================
4通道源色域面积: 0.0387
5通道显示色域面积: 0.0446
色域覆盖率: 100.00%

颜色转换精度分析:
==================================================
颜色			源RGBV			目标RGBCX			色差(ΔE)
----------------------------------------------------------------------------------------------------
颜色1	(1.00, 0.00, 0.00, 0.00)	(0.97, 0.00, 0.00, 0.00, 0.00)	0.2119
颜色2	(0.00, 1.00, 0.00, 0.00)	(0.00, 0.26, 0.00, 0.00, 1.00)	0.3043
颜色3	(0.00, 0.00, 1.00, 0.00)	(0.01, 0.00, 0.90, 0.00, 0.00)	7.7608
颜色4	(0.00, 0.00, 0.00, 1.00)	(0.00, 0.00, 0.00, 0.42, 0.93)	0.4161
颜色5	(0.50, 0.50, 0.00, 0.00)	(0.93, 0.79, 0.00, 0.01, 0.08)	1.3493
颜色6	(0.50, 0.00, 0.50, 0.00)	(0.53, 0.00, 0.79, 0.00, 0.00)	0.3288
颜色7	(0.00, 0.50, 0.50, 0.00)	(0.09, 0.01, 0.88, 0.14, 0.00)	1.1877
颜色8	(0.00, 0.00, 0.50, 0.50)	(0.04, 0.00, 0.81, 0.18, 0.00)	0.1875
颜色9	(0.50, 0.00, 0.00, 0.50)	(0.83, 0.57, 0.03, 0.14, 0.20)	1.2321
颜色10	(0.00, 0.50, 0.00, 0.50)	(0.00, 0.01, 0.00, 0.12, 0.99)	0.1504
颜色11	(0.25, 0.25, 0.25, 0.25)	(0.47, 0.16, 0.61, 0.35, 0.00)	2.9300
颜色12	(0.50, 0.30, 0.10, 0.10)	(0.88, 0.32, 0.24, 0.17, 0.00)	1.6037
颜色13	(0.20, 0.40, 0.20, 0.20)	(0.44, 0.30, 0.52, 0.51, 0.00)	3.0678
颜色14	(0.10, 0.10, 0.40, 0.40)	(0.17, 0.03, 0.77, 0.25, 0.00)	1.6523
颜色15	(0.30, 0.20, 0.30, 0.20)	(0.51, 0.08, 0.69, 0.18, 0.00)	2.6880

统计信息:
==================================================
平均色差(ΔE): 1.6714
最大色差(ΔE): 7.7608
最小色差(ΔE): 0.1504
色差标准差: 1.8987
