色域分析结果:
==================================================
4通道源色域面积: 0.0387
5通道显示色域面积: 0.0446
色域覆盖率: 100.00%

颜色转换精度分析:
==================================================
颜色			源RGBV			目标RGBCX			色差(ΔE)
----------------------------------------------------------------------------------------------------
颜色1	(1.00, 0.00, 0.00, 0.00)	(0.50, 0.00, 0.00, 0.00, 0.00)	1.3706
颜色2	(0.00, 1.00, 0.00, 0.00)	(0.01, 0.00, 0.00, 0.00, 0.47)	0.5334
颜色3	(0.00, 0.00, 1.00, 0.00)	(0.09, 0.00, 0.60, 0.00, 0.00)	11.1559
颜色4	(0.00, 0.00, 0.00, 1.00)	(0.00, 0.00, 0.00, 0.22, 0.28)	0.5720
颜色5	(0.50, 0.50, 0.00, 0.00)	(0.26, 0.00, 0.00, 0.00, 0.22)	0.8706
颜色6	(0.50, 0.00, 0.50, 0.00)	(0.30, 0.00, 0.39, 0.00, 0.00)	4.7136
颜色7	(0.00, 0.50, 0.50, 0.00)	(0.03, 0.00, 0.40, 0.00, 0.08)	4.4611
颜色8	(0.00, 0.00, 0.50, 0.50)	(0.01, 0.00, 0.38, 0.03, 0.07)	4.9534
颜色9	(0.50, 0.00, 0.00, 0.50)	(0.24, 0.00, 0.01, 0.05, 0.20)	0.8225
颜色10	(0.00, 0.50, 0.00, 0.50)	(0.00, 0.00, 0.00, 0.09, 0.41)	0.5194
颜色11	(0.25, 0.25, 0.25, 0.25)	(0.14, 0.00, 0.20, 0.02, 0.14)	2.4444
颜色12	(0.50, 0.30, 0.10, 0.10)	(0.28, 0.00, 0.08, 0.01, 0.14)	1.2965
颜色13	(0.20, 0.40, 0.20, 0.20)	(0.11, 0.00, 0.16, 0.02, 0.21)	2.0121
颜色14	(0.10, 0.10, 0.40, 0.40)	(0.06, 0.00, 0.32, 0.03, 0.09)	3.7852
颜色15	(0.30, 0.20, 0.30, 0.20)	(0.17, 0.00, 0.24, 0.01, 0.08)	2.8497

统计信息:
==================================================
平均色差(ΔE): 2.8240
最大色差(ΔE): 11.1559
最小色差(ΔE): 0.5194
色差标准差: 2.7059
