色域分析结果:
==================================================
4通道源色域面积: 0.0387
5通道显示色域面积: 0.0446
色域覆盖率: 100.00%

颜色转换精度分析:
==================================================
颜色			源RGBV			目标RGBCX			色差(ΔE)
----------------------------------------------------------------------------------------------------
颜色1	(1.00, 0.00, 0.00, 0.00)	(1.00, 0.04, 0.00, 0.00, 0.00)	0.1421
颜色2	(0.00, 1.00, 0.00, 0.00)	(0.00, 0.55, 0.00, 0.00, 0.43)	0.0787
颜色3	(0.00, 0.00, 1.00, 0.00)	(0.24, 0.00, 1.00, 1.00, 0.00)	5.2758
颜色4	(0.00, 0.00, 0.00, 1.00)	(0.00, 0.00, 0.00, 0.38, 0.60)	0.1115
颜色5	(0.50, 0.50, 0.00, 0.00)	(0.51, 0.49, 0.00, 0.00, 0.00)	0.0039
颜色6	(0.50, 0.00, 0.50, 0.00)	(0.50, 0.00, 0.79, 0.00, 0.00)	0.3204
颜色7	(0.00, 0.50, 0.50, 0.00)	(0.07, 0.03, 0.78, 0.11, 0.01)	0.0000
颜色8	(0.00, 0.00, 0.50, 0.50)	(0.03, 0.00, 0.80, 0.17, 0.00)	0.0000
颜色9	(0.50, 0.00, 0.00, 0.50)	(0.48, 0.26, 0.01, 0.10, 0.15)	0.0000
颜色10	(0.00, 0.50, 0.00, 0.50)	(0.00, 0.00, 0.00, 0.14, 0.85)	0.0550
颜色11	(0.25, 0.25, 0.25, 0.25)	(0.28, 0.09, 0.39, 0.14, 0.09)	0.0000
颜色12	(0.50, 0.30, 0.10, 0.10)	(0.53, 0.18, 0.16, 0.02, 0.11)	0.0000
颜色13	(0.20, 0.40, 0.20, 0.20)	(0.23, 0.15, 0.30, 0.17, 0.14)	0.0000
颜色14	(0.10, 0.10, 0.40, 0.40)	(0.12, 0.05, 0.64, 0.13, 0.05)	0.0000
颜色15	(0.30, 0.20, 0.30, 0.20)	(0.35, 0.04, 0.47, 0.09, 0.04)	0.0000

统计信息:
==================================================
平均色差(ΔE): 0.3992
最大色差(ΔE): 5.2758
最小色差(ΔE): 0.0000
色差标准差: 1.3061
