颜色转换精度分析:
==================================================
颜色			源RGBV			目标rgb			色差(ΔE)
----------------------------------------------------------------------------------------------------
颜色1	(1.00, 0.00, 0.00)	(1.00, 0.04, 0.00)	0.1353
颜色2	(0.00, 1.00, 0.00)	(0.00, 0.95, 0.00)	0.1462
颜色3	(0.00, 0.00, 1.00)	(0.00, 0.00, 0.91)	0.2704
颜色4	(0.50, 0.50, 0.00)	(0.50, 0.50, 0.00)	0.0026
颜色5	(0.50, 0.00, 0.50)	(0.46, 0.08, 0.46)	0.0000
颜色6	(0.00, 0.50, 0.50)	(0.00, 0.47, 0.46)	0.2075
颜色7	(0.00, 0.00, 0.50)	(0.00, 0.00, 0.46)	0.1352
颜色8	(0.33, 0.33, 0.33)	(0.28, 0.41, 0.30)	0.0000
颜色9	(0.50, 0.30, 0.20)	(0.48, 0.33, 0.18)	0.0000
颜色10	(0.20, 0.40, 0.40)	(0.12, 0.51, 0.37)	0.0000
颜色11	(0.10, 0.10, 0.80)	(0.00, 0.26, 0.73)	0.0389
颜色12	(0.30, 0.20, 0.50)	(0.23, 0.31, 0.46)	0.0000

统计信息:
==================================================
平均色差(ΔE): 0.0780
最大色差(ΔE): 0.2704
最小色差(ΔE): 0.0000
色差标准差: 0.0925
